#! FIELDS time dipole.x dipole.y dipole.z dipole.ez dipole.nz cv1 effdp efield.bias efield.force2
 0.000000 0.000000 0.000000 -49564.276800 -15934.900287 0.000000 3.097767 -0.995931 9564.700270 0.037240
 0.100000 -204.332982 -199.345020 -53080.460378 -15952.498489 0.000000 3.317529 -0.997031 10243.238205 0.037240
 0.200000 -59.816523 -131.415349 -43923.923497 -15847.125199 0.000000 2.745245 -0.990445 8476.249227 0.037240
 0.300000 25.016581 175.154436 -46693.422300 -15892.836464 0.000000 2.918339 -0.993302 9010.695156 0.037240
 0.400000 42.284047 -4.891779 -46171.592624 -15885.578644 0.000000 2.885725 -0.992849 8909.994717 0.037240
 0.500000 65.269995 7.995368 -43741.663256 -15843.400741 0.000000 2.733854 -0.990213 8441.077433 0.037240
 0.600000 -93.846846 -119.649915 -49314.300544 -15922.587589 0.000000 3.082144 -0.995162 9516.460931 0.037240
 0.700000 -11.836284 -6.891307 -44715.274628 -15859.267052 0.000000 2.794705 -0.991204 8628.960754 0.037240
 0.800000 24.678468 138.898261 -46389.303811 -15883.532324 0.000000 2.899331 -0.992721 8952.007683 0.037240
 0.900000 61.320222 -105.624615 -45661.351054 -15873.268638 0.000000 2.853834 -0.992079 8811.530501 0.037240
 1.000000 -45.165714 68.309872 -44495.148362 -15850.940021 0.000000 2.780947 -0.990684 8586.481737 0.037240
 1.100000 -210.918091 -71.971296 -46170.713272 -15880.348934 0.000000 2.885670 -0.992522 8909.825024 0.037240
 1.200000 -226.189464 32.877749 -44965.177063 -15860.163858 0.000000 2.810324 -0.991260 8677.185848 0.037240
 1.300000 -72.270439 -22.759614 -45136.220893 -15860.709725 0.000000 2.821014 -0.991294 8710.193148 0.037240
 1.400000 201.618417 -76.199365 -44590.981533 -15848.930040 0.000000 2.786936 -0.990558 8604.975209 0.037240
 1.500000 239.746664 74.681121 -43305.289874 -15821.615907 0.000000 2.706581 -0.988851 8356.867980 0.037240
 1.600000 -0.506009 62.504342 -44210.681181 -15841.736653 0.000000 2.763168 -0.990109 8531.586488 0.037240
 1.700000 -355.214393 252.069401 -43695.785210 -15829.778977 0.000000 2.730987 -0.989361 8432.224085 0.037240
 1.800000 -337.207795 131.287576 -43445.580235 -15820.979670 0.000000 2.715349 -0.988811 8383.940609 0.037240
 1.900000 77.124095 -7.418201 -44037.578720 -15833.076043 0.000000 2.752349 -0.989567 8498.181922 0.037240
 2.000000 487.968966 -69.840833 -42549.308942 -15796.224702 0.000000 2.659332 -0.987264 8210.982042 0.037240
 2.100000 246.839128 -110.486479 -43468.916144 -15818.730390 0.000000 2.716807 -0.988671 8388.443872 0.037240
 2.200000 -59.296942 53.993722 -43344.880201 -15815.451407 0.000000 2.709055 -0.988466 8364.507951 0.037240
 2.300000 -551.853666 79.972357 -42845.425991 -15801.241117 0.000000 2.677839 -0.987578 8268.125432 0.037240
 2.400000 -444.145463 105.664867 -43865.234198 -15824.480779 0.000000 2.741577 -0.989030 8464.923620 0.037240
 2.500000 274.036006 -259.101858 -42868.311041 -15800.306711 0.000000 2.679269 -0.987519 8272.541691 0.037240
 2.600000 631.433224 -230.065186 -43474.859193 -15813.097781 0.000000 2.717179 -0.988319 8389.590736 0.037240
 2.700000 433.122762 -146.240710 -43444.289471 -15814.911940 0.000000 2.715268 -0.988432 8383.691523 0.037240
 2.800000 -551.759575 330.127882 -43328.407534 -15812.575065 0.000000 2.708025 -0.988286 8361.329127 0.037240
 2.900000 -641.014368 337.361341 -43813.471503 -15823.721485 0.000000 2.738342 -0.988983 8454.934678 0.037240
 3.000000 -232.441393 117.992395 -43403.767486 -15815.271423 0.000000 2.712735 -0.988454 8375.871765 0.037240
 3.100000 818.584739 -167.257599 -43962.019930 -15827.390414 0.000000 2.747626 -0.989212 8483.600913 0.037240
 3.200000 694.072920 -404.301757 -43585.088278 -15819.347571 0.000000 2.724068 -0.988709 8410.862269 0.037240
 3.300000 94.305045 -81.232910 -43877.596405 -15826.440769 0.000000 2.742350 -0.989153 8467.309225 0.037240
 3.400000 -651.929480 85.222118 -43925.497510 -15827.616374 0.000000 2.745344 -0.989226 8476.552974 0.037240
 3.500000 -508.386799 154.581997 -43700.846193 -15821.800532 0.000000 2.731303 -0.988863 8433.200732 0.037240
 3.600000 207.188139 -3.408363 -43965.772012 -15826.950653 0.000000 2.747861 -0.989184 8484.324973 0.037240
 3.700000 558.746313 -203.979599 -43545.683481 -15816.237810 0.000000 2.721605 -0.988515 8403.258101 0.037240
 3.800000 427.988635 -153.326192 -43705.944652 -15820.954504 0.000000 2.731622 -0.988810 8434.184611 0.037240
 3.900000 -358.270692 23.236403 -43637.117174 -15819.645890 0.000000 2.727320 -0.988728 8420.902581 0.037240
 4.000000 -822.688103 228.898131 -43618.067459 -15819.703859 0.000000 2.726129 -0.988731 8417.226449 0.037240
 4.100000 -260.999577 -70.901974 -43735.202646 -15821.951464 0.000000 2.733450 -0.988872 8439.830692 0.037240
 4.200000 321.479055 25.838406 -43530.420658 -15818.673898 0.000000 2.720651 -0.988667 8400.312748 0.037240
 4.300000 300.926118 -36.007111 -43769.037605 -15823.050505 0.000000 2.735565 -0.988941 8446.360016 0.037240
 4.400000 57.504259 297.226715 -43650.986446 -15820.864729 0.000000 2.728187 -0.988804 8423.579013 0.037240
 4.500000 -405.268970 390.548449 -43644.107236 -15821.181376 0.000000 2.727757 -0.988824 8422.251493 0.037240
 4.600000 -315.237655 195.781774 -43770.095733 -15824.337218 0.000000 2.735631 -0.989021 8446.564209 0.037240
 4.700000 275.142450 -69.216132 -43552.848874 -15818.840893 0.000000 2.722053 -0.988678 8404.640848 0.037240
 4.800000 294.691735 -87.659389 -43734.481684 -15823.600043 0.000000 2.733405 -0.988975 8439.691564 0.037240
 4.900000 416.585143 20.960517 -43597.258361 -15817.988048 0.000000 2.724829 -0.988624 8413.210799 0.037240
 5.000000 -233.389875 317.116296 -43423.306580 -15812.670399 0.000000 2.713957 -0.988292 8379.642335 0.037240
 5.100000 -218.754190 145.524346 -43612.038180 -15818.863538 0.000000 2.725752 -0.988679 8416.062945 0.037240
 5.200000 -129.867165 121.950061 -43420.105045 -15816.088668 0.000000 2.713757 -0.988506 8379.024517 0.037240
 5.300000 281.106292 -95.077914 -43461.886104 -15813.850145 0.000000 2.716368 -0.988366 8387.087245 0.037240
 5.400000 322.840011 -30.610548 -43658.262979 -15819.616356 0.000000 2.728641 -0.988726 8424.983207 0.037240
 5.500000 92.772764 -204.294406 -43549.061032 -15817.853756 0.000000 2.721816 -0.988616 8403.909887 0.037240
 5.600000 -112.297228 48.418916 -43590.793588 -15817.231635 0.000000 2.724425 -0.988577 8411.963255 0.037240
 5.700000 -152.145104 -135.333213 -43715.580337 -15822.089023 0.000000 2.732224 -0.988881 8436.044063 0.037240
 5.800000 34.807336 -125.917370 -43537.662987 -15818.062911 0.000000 2.721104 -0.988629 8401.710341 0.037240
 5.900000 120.427210 -108.570712 -43675.210062 -15821.738319 0.000000 2.729701 -0.988859 8428.253582 0.037240
 6.000000 210.537983 11.763348 -43709.752475 -15822.149939 0.000000 2.731860 -0.988884 8434.919428 0.037240
 6.100000 10.761884 122.304933 -43604.650028 -15819.548385 0.000000 2.725291 -0.988722 8414.637211 0.037240
 6.200000 -137.508542 54.898689 -43646.076641 -15819.274582 0.000000 2.727880 -0.988705 8422.631540 0.037240
 6.300000 -157.270355 56.316050 -43519.378492 -15815.959785 0.000000 2.719961 -0.988497 8398.181878 0.037240
 6.400000 -12.140784 -128.531071 -43574.413729 -15816.597112 0.000000 2.723401 -0.988537 8408.802341 0.037240
 6.500000 95.351882 6.018865 -43409.972220 -15813.462522 0.000000 2.713123 -0.988341 8377.069128 0.037240
 6.600000 114.808838 85.167876 -43507.028600 -15815.202668 0.000000 2.719189 -0.988450 8395.798649 0.037240
 6.700000 -3.908396 64.659411 -43495.118166 -15814.578973 0.000000 2.718445 -0.988411 8393.500225 0.037240
 6.800000 -23.990695 -35.514630 -43513.750197 -15815.721917 0.000000 2.719609 -0.988483 8397.095754 0.037240
 6.900000 -75.900973 18.752898 -43667.265922 -15820.824436 0.000000 2.729204 -0.988802 8426.720556 0.037240
 7.000000 122.865576 87.385285 -43474.071468 -15815.836588 0.000000 2.717129 -0.988490 8389.438724 0.037240
 7.100000 -84.593326 41.155564 -43635.233705 -15820.066277 0.000000 2.727202 -0.988754 8420.539117 0.037240
 7.200000 -6.879877 124.618915 -43618.942015 -15820.432548 0.000000 2.726184 -0.988777 8417.395217 0.037240
 7.300000 -14.176614 153.917066 -43513.144027 -15816.732861 0.000000 2.719572 -0.988546 8396.978778 0.037240
 7.400000 -64.285141 57.002931 -43529.576242 -15817.516208 0.000000 2.720599 -0.988595 8400.149796 0.037240
 7.500000 78.939883 -172.005312 -43578.297909 -15817.435186 0.000000 2.723644 -0.988590 8409.551893 0.037240
 7.600000 -308.002198 -236.244932 -43414.370947 -15814.714918 0.000000 2.713398 -0.988420 8377.917975 0.037240
 7.700000 -192.934492 69.546383 -43448.424964 -15815.151592 0.000000 2.715527 -0.988447 8384.489572 0.037240
 7.800000 -142.867843 99.826481 -43531.898748 -15816.569682 0.000000 2.720744 -0.988536 8400.597983 0.037240
 7.900000 43.165136 96.484833 -43493.299682 -15815.751496 0.000000 2.718331 -0.988484 8393.149302 0.037240
 8.000000 140.629688 110.872948 -43548.665000 -15817.272206 0.000000 2.721792 -0.988580 8403.833462 0.037240
 8.100000 -63.601338 42.849300 -43539.502773 -15815.996842 0.000000 2.721219 -0.988500 8402.065375 0.037240
 8.200000 52.050101 105.156246 -43470.768325 -15816.107206 0.000000 2.716923 -0.988507 8388.801298 0.037240
 8.300000 -137.021470 152.082296 -43453.119911 -15816.127993 0.000000 2.715820 -0.988508 8385.395583 0.037240
 8.400000 -119.656959 -8.110493 -43592.145498 -15819.265040 0.000000 2.724509 -0.988704 8412.224141 0.037240
 8.500000 -136.018523 -163.252610 -43611.774768 -15818.296673 0.000000 2.725736 -0.988644 8416.012113 0.037240
 8.600000 11.256790 -329.412323 -43498.662846 -15816.263068 0.000000 2.718666 -0.988516 8394.184262 0.037240
 8.700000 89.578198 -140.082945 -43654.871192 -15820.639719 0.000000 2.728429 -0.988790 8424.328675 0.037240
 8.800000 92.138392 70.637125 -43543.718531 -15817.602719 0.000000 2.721482 -0.988600 8402.878914 0.037240
 8.900000 -30.531977 91.404265 -43491.716577 -15815.547744 0.000000 2.718232 -0.988472 8392.843801 0.037240
 9.000000 -180.142861 -60.247413 -43535.446495 -15815.981403 0.000000 2.720965 -0.988499 8401.282612 0.037240
 9.100000 -66.419389 -50.571281 -43505.971671 -15815.210649 0.000000 2.719123 -0.988451 8395.594688 0.037240
 9.200000 -57.258919 -117.977045 -43505.942781 -15816.729581 0.000000 2.719121 -0.988546 8395.589113 0.037240
 9.300000 226.318407 58.409213 -43591.993960 -15817.641998 0.000000 2.724500 -0.988603 8412.194898 0.037240
 9.400000 34.639838 2.721773 -43612.803113 -15818.087294 0.000000 2.725800 -0.988630 8416.210558 0.037240
 9.500000 111.906301 -47.566341 -43595.059035 -15817.716052 0.000000 2.724691 -0.988607 8412.786383 0.037240
 9.600000 -174.618038 -134.798258 -43618.002442 -15819.483291 0.000000 2.726125 -0.988718 8417.213902 0.037240
 9.700000 -239.211135 -88.573859 -43600.468646 -15818.776791 0.000000 2.725029 -0.988674 8413.830306 0.037240
 9.800000 16.469763 261.522025 -43660.829392 -15819.128267 0.000000 2.728802 -0.988696 8425.478462 0.037240
 9.900000 34.549401 141.764172 -43606.390665 -15818.802365 0.000000 2.725399 -0.988675 8414.973112 0.037240
 10.000000 187.421577 -135.027745 -43654.318682 -15819.305625 0.000000 2.728395 -0.988707 8424.222054 0.037240
 10.100000 40.917462 -258.794287 -43631.307087 -15818.485733 0.000000 2.726957 -0.988655 8419.781375 0.037240
 10.200000 -85.433639 -96.341213 -43605.175169 -15819.025485 0.000000 2.725323 -0.988689 8414.738551 0.037240
 10.300000 -122.558576 466.660491 -43648.353119 -15818.140163 0.000000 2.728022 -0.988634 8423.070845 0.037240
 10.400000 -116.954721 431.520417 -43529.791937 -15815.166665 0.000000 2.720612 -0.988448 8400.191420 0.037240
 10.500000 239.126398 111.290390 -43525.096343 -15816.168642 0.000000 2.720319 -0.988511 8399.285284 0.037240
 10.600000 225.130634 -323.453877 -43642.086565 -15819.739340 0.000000 2.727630 -0.988734 8421.861553 0.037240
 10.700000 -142.137245 -185.468364 -43585.185359 -15819.123892 0.000000 2.724074 -0.988695 8410.881003 0.037240
 10.800000 -158.712656 80.610713 -43660.282544 -15820.894224 0.000000 2.728768 -0.988806 8425.372934 0.037240
 10.900000 -247.359647 207.972341 -43707.312493 -15821.630075 0.000000 2.731707 -0.988852 8434.448571 0.037240
 11.000000 51.210282 67.224635 -43647.077564 -15818.939040 0.000000 2.727942 -0.988684 8422.824694 0.037240
 11.100000 218.222298 -97.876353 -43610.398864 -15818.281832 0.000000 2.725650 -0.988643 8415.746597 0.037240
 11.200000 146.745378 27.223199 -43500.677106 -15815.580603 0.000000 2.718792 -0.988474 8394.572965 0.037240
 11.300000 -21.398947 87.740983 -43585.407053 -15818.938008 0.000000 2.724088 -0.988684 8410.923785 0.037240
 11.400000 -355.304511 35.925670 -43548.465122 -15816.503713 0.000000 2.721779 -0.988531 8403.794890 0.037240
 11.500000 -192.364729 47.778502 -43451.399178 -15815.084736 0.000000 2.715712 -0.988443 8385.063523 0.037240
 11.600000 -101.168439 332.379856 -43533.046572 -15816.434310 0.000000 2.720815 -0.988527 8400.819485 0.037240
 11.700000 140.574115 176.369272 -43480.177453 -15815.818839 0.000000 2.717511 -0.988489 8390.617031 0.037240
 11.800000 27.190642 -20.915123 -43547.735535 -15816.532417 0.000000 2.721733 -0.988533 8403.654098 0.037240
 11.900000 -140.356484 -228.554494 -43393.351531 -15813.278145 0.000000 2.712084 -0.988330 8373.861739 0.037240
 12.000000 -261.006793 -77.316289 -43447.427036 -15814.958013 0.000000 2.715464 -0.988435 8384.296997 0.037240
 12.100000 32.893159 85.339848 -43542.559922 -15816.935410 0.000000 2.721410 -0.988558 8402.655330 0.037240
 12.200000 -8.822461 217.957014 -43489.865204 -15816.249761 0.000000 2.718117 -0.988516 8392.486531 0.037240
 12.300000 72.298750 -157.544357 -43640.963906 -15819.420099 0.000000 2.727560 -0.988714 8421.644907 0.037240
 12.400000 27.709816 -38.449097 -43600.111878 -15818.683703 0.000000 2.725007 -0.988668 8413.761458 0.037240
 12.500000 -35.464089 -100.273329 -43635.494148 -15819.762110 0.000000 2.727218 -0.988735 8420.589376 0.037240
 12.600000 -169.803065 31.790760 -43528.448043 -15817.248441 0.000000 2.720528 -0.988578 8399.932081 0.037240
 12.700000 -209.743373 218.692904 -43499.600997 -15816.132131 0.000000 2.718725 -0.988508 8394.365302 0.037240
 12.800000 -219.312168 275.121862 -43633.825812 -15819.014879 0.000000 2.727114 -0.988688 8420.267428 0.037240
 12.900000 -119.818365 117.621398 -43435.297408 -15814.246602 0.000000 2.714706 -0.988390 8381.956273 0.037240
 13.000000 -76.757052 -201.815318 -43598.778773 -15816.676074 0.000000 2.724924 -0.988542 8413.504202 0.037240
 13.100000 -150.119893 -234.096997 -43584.460963 -15818.674728 0.000000 2.724029 -0.988667 8410.741213 0.037240
 13.200000 -5.398375 -104.937346 -43564.570689 -15816.066455 0.000000 2.722786 -0.988504 8406.902873 0.037240
 13.300000 -16.622078 268.903150 -43674.791713 -15820.539344 0.000000 2.729674 -0.988784 8428.172851 0.037240
 13.400000 -61.687861 369.680476 -43530.088639 -15817.803221 0.000000 2.720631 -0.988613 8400.248676 0.037240
 13.500000 -303.980415 83.602219 -43571.377325 -15817.015282 0.000000 2.723211 -0.988563 8408.216388 0.037240
 13.600000 -171.813070 -179.242535 -43498.062050 -15816.782062 0.000000 2.718629 -0.988549 8394.068323 0.037240
 13.700000 -118.995291 -257.466266 -43525.481810 -15815.873497 0.000000 2.720343 -0.988492 8399.359670 0.037240
 13.800000 248.120650 79.062999 -43542.265925 -15818.335410 0.000000 2.721392 -0.988646 8402.598596 0.037240
 13.900000 217.009713 248.314423 -43554.338013 -15817.910302 0.000000 2.722146 -0.988619 8404.928216 0.037240
 14.000000 64.042238 64.821862 -43514.082323 -15814.961066 0.000000 2.719630 -0.988435 8397.159846 0.037240
 14.100000 -10.709757 -103.655223 -43479.932607 -15814.333367 0.000000 2.717496 -0.988396 8390.569781 0.037240
 14.200000 -184.061306 -312.086450 -43568.963321 -15818.106076 0.000000 2.723060 -0.988632 8407.750544 0.037240
 14.300000 163.175152 -44.661050 -43587.156361 -15819.866108 0.000000 2.724197 -0.988742 8411.261359 0.037240
 14.400000 0.867548 215.390183 -43577.587084 -15816.642296 0.000000 2.723599 -0.988540 8409.414721 0.037240
 14.500000 365.469013 248.743053 -43603.982684 -15818.796106 0.000000 2.725249 -0.988675 8414.508430 0.037240
 14.600000 -28.050537 -51.683772 -43601.015421 -15818.598806 0.000000 2.725063 -0.988662 8413.935820 0.037240
 14.700000 -32.696636 -372.577561 -43583.530488 -15816.889674 0.000000 2.723971 -0.988556 8410.561653 0.037240
 14.800000 -60.574068 -81.780639 -43630.496512 -15819.032183 0.000000 2.726906 -0.988690 8419.624954 0.037240
 14.900000 -52.424032 130.810412 -43430.536023 -15814.166455 0.000000 2.714409 -0.988385 8381.037442 0.037240
 15.000000 296.951475 390.623190 -43582.896997 -15818.458100 0.000000 2.723931 -0.988654 8410.439405 0.037240
 15.100000 203.918505 89.075536 -43574.199192 -15817.300138 0.000000 2.723387 -0.988581 8408.760940 0.037240
 15.200000 304.034404 59.961400 -43563.201317 -15818.058998 0.000000 2.722700 -0.988629 8406.638618 0.037240
 15.300000 -272.242174 -57.676944 -43697.976876 -15820.427171 0.000000 2.731124 -0.988777 8432.647023 0.037240
 15.400000 74.320170 -14.286035 -43446.589043 -15814.113178 0.000000 2.715412 -0.988382 8384.135284 0.037240
 15.500000 -94.470227 245.360932 -43518.266480 -15815.677180 0.000000 2.719892 -0.988480 8397.967287 0.037240
 15.600000 325.676756 218.763865 -43434.409632 -15814.153329 0.000000 2.714651 -0.988385 8381.784954 0.037240
 15.700000 126.886002 24.296554 -43362.812056 -15812.564853 0.000000 2.710176 -0.988285 8367.968363 0.037240
 15.800000 -91.118846 -110.120978 -43501.186857 -15815.469533 0.000000 2.718824 -0.988467 8394.671335 0.037240
 15.900000 -134.633545 -55.851645 -43451.449262 -15815.519678 0.000000 2.715716 -0.988470 8385.073188 0.037240
 16.000000 -271.014720 121.289244 -43648.277626 -15820.032525 0.000000 2.728017 -0.988752 8423.056277 0.037240
 16.100000 317.971515 33.461300 -43585.787123 -15817.388288 0.000000 2.724112 -0.988587 8410.997129 0.037240
 16.200000 162.578445 24.179051 -43532.026437 -15816.823763 0.000000 2.720752 -0.988551 8400.622624 0.037240
 16.300000 65.799985 -18.249431 -43488.801987 -15817.757877 0.000000 2.718050 -0.988610 8392.281356 0.037240
 16.400000 -312.088917 175.498413 -43399.224717 -15811.844692 0.000000 2.712452 -0.988240 8374.995121 0.037240
 16.500000 36.834627 24.989719 -43483.597292 -15815.903172 0.000000 2.717725 -0.988494 8391.276976 0.037240
 16.600000 77.313810 -3.360424 -43513.134562 -15814.172098 0.000000 2.719571 -0.988386 8396.976951 0.037240
 16.700000 359.630636 -70.177599 -43625.801948 -15819.510636 0.000000 2.726613 -0.988719 8418.719017 0.037240
 16.800000 -144.129203 83.234417 -43597.396965 -15817.596679 0.000000 2.724837 -0.988600 8413.237546 0.037240
 16.900000 -249.447065 142.045056 -43477.885084 -15815.447358 0.000000 2.717368 -0.988465 8390.174659 0.037240
 17.000000 -133.885567 97.278541 -43462.333066 -15815.249941 0.000000 2.716396 -0.988453 8387.173498 0.037240
 17.100000 344.370712 -20.919018 -43495.619842 -15816.669954 0.000000 2.718476 -0.988542 8393.597036 0.037240
 17.200000 321.692590 22.241052 -43471.137719 -15814.057833 0.000000 2.716946 -0.988379 8388.872582 0.037240
 17.300000 163.241971 208.078281 -43505.256482 -15815.777469 0.000000 2.719079 -0.988486 8395.456673 0.037240
 17.400000 -338.029610 236.450855 -43687.942769 -15820.953468 0.000000 2.730496 -0.988810 8430.710685 0.037240
 17.500000 -302.120413 3.613201 -43644.354513 -15820.185189 0.000000 2.727772 -0.988762 8422.299211 0.037240
 17.600000 327.647235 -6.731805 -43577.395579 -15818.167160 0.000000 2.723587 -0.988635 8409.377765 0.037240
 17.700000 434.100539 -170.057030 -43595.756417 -15818.631180 0.000000 2.724735 -0.988664 8412.920961 0.037240
 17.800000 255.884963 -47.392768 -43420.679195 -15815.106720 0.000000 2.713792 -0.988444 8379.135314 0.037240
 17.900000 -316.712383 49.066690 -43477.870916 -15816.718583 0.000000 2.717367 -0.988545 8390.171925 0.037240
 18.000000 -386.083114 10.957323 -43534.416420 -15817.436811 0.000000 2.720901 -0.988590 8401.083833 0.037240
 18.100000 9.947088 58.608252 -43601.304594 -15818.167525 0.000000 2.725082 -0.988635 8413.991624 0.037240
 18.200000 173.583442 -134.329268 -43705.546420 -15820.612412 0.000000 2.731597 -0.988788 8434.107761 0.037240
 18.300000 208.920481 -356.396372 -43566.367344 -15817.549123 0.000000 2.722898 -0.988597 8407.249584 0.037240
 18.400000 -331.873128 -169.743566 -43524.580813 -15817.262629 0.000000 2.720286 -0.988579 8399.185799 0.037240
 18.500000 -395.734559 -5.764412 -43430.977105 -15813.850494 0.000000 2.714436 -0.988366 8381.122560 0.037240
 18.600000 -119.210178 140.375136 -43307.900832 -15812.169218 0.000000 2.706744 -0.988261 8357.371832 0.037240
 18.700000 216.189871 12.028657 -43601.671271 -15818.581291 0.000000 2.725104 -0.988661 8414.062383 0.037240
 18.800000 301.083812 -106.069738 -43577.266450 -15818.867685 0.000000 2.723579 -0.988679 8409.352846 0.037240
 18.900000 -133.471587 -266.383341 -43615.642731 -15820.031939 0.000000 2.725978 -0.988752 8416.758536 0.037240
 19.000000 -230.019299 -101.251518 -43620.774447 -15819.622902 0.000000 2.726298 -0.988726 8417.748832 0.037240
 19.100000 -61.384183 120.906390 -43474.940101 -15815.714491 0.000000 2.717184 -0.988482 8389.606349 0.037240
 19.200000 129.029576 191.278543 -43317.763666 -15812.105619 0.000000 2.707360 -0.988257 8359.275119 0.037240
 19.300000 440.962892 248.107356 -43351.495989 -15812.333931 0.000000 2.709468 -0.988271 8365.784637 0.037240
 19.400000 89.753674 -34.263872 -43495.759636 -15816.662177 0.000000 2.718485 -0.988541 8393.624013 0.037240
 19.500000 -94.196971 -65.323345 -43575.333038 -15818.897757 0.000000 2.723458 -0.988681 8408.979745 0.037240
 19.600000 -48.751490 -134.596433 -43607.647113 -15819.134063 0.000000 2.725478 -0.988696 8415.215576 0.037240
 19.700000 -6.925430 173.686590 -43692.485743 -15820.128492 0.000000 2.730780 -0.988758 8431.587368 0.037240
 19.800000 210.005514 175.753046 -43613.791374 -15819.242366 0.000000 2.725862 -0.988703 8416.401269 0.037240
 19.900000 -15.308101 250.944540 -43409.362547 -15813.099923 0.000000 2.713085 -0.988319 8376.951476 0.037240
 20.000000 17.298359 85.667825 -43506.933817 -15816.051560 0.000000 2.719183 -0.988503 8395.780358 0.037240
 20.100000 23.869963 -111.212545 -43457.096531 -15814.462694 0.000000 2.716069 -0.988404 8386.162974 0.037240
 20.200000 -94.985469 -14.542223 -43559.814028 -15818.059887 0.000000 2.722488 -0.988629 8405.984953 0.037240
 20.300000 67.450946 88.471017 -43783.188661 -15821.458017 0.000000 2.736449 -0.988841 8449.090826 0.037240
 20.400000 159.319404 308.239335 -43658.794852 -15819.603771 0.000000 2.728675 -0.988725 8425.085846 0.037240
 20.500000 75.057181 50.215634 -43625.434696 -15818.864300 0.000000 2.726590 -0.988679 8418.648147 0.037240
 20.600000 -21.413155 142.594973 -43432.190360 -15814.553843 0.000000 2.714512 -0.988410 8381.356689 0.037240
 20.700000 -4.990314 -100.671809 -43385.422051 -15813.118787 0.000000 2.711589 -0.988320 8372.331542 0.037240
 20.800000 93.570513 -50.160356 -43421.650057 -15815.974857 0.000000 2.713853 -0.988498 8379.322666 0.037240
 20.900000 46.369534 -218.144546 -43519.630450 -15816.673402 0.000000 2.719977 -0.988542 8398.230500 0.037240
 21.000000 133.819217 31.141472 -43733.897868 -15821.969627 0.000000 2.733369 -0.988873 8439.578902 0.037240
 21.100000 -358.756036 159.008124 -43660.658171 -15819.647256 0.000000 2.728791 -0.988728 8425.445421 0.037240
 21.200000 -260.652701 122.140891 -43604.574284 -15819.467274 0.000000 2.725286 -0.988717 8414.622594 0.037240
 21.300000 -200.485624 69.561334 -43576.547720 -15818.558472 0.000000 2.723534 -0.988660 8409.214149 0.037240
 21.400000 98.136379 -128.217033 -43400.003996 -15814.374414 0.000000 2.712500 -0.988398 8375.145503 0.037240
 21.500000 186.524554 -117.690407 -43407.919834 -15813.759657 0.000000 2.712995 -0.988360 8376.673067 0.037240
 21.600000 -205.640788 -249.109786 -43482.450445 -15816.666560 0.000000 2.717653 -0.988542 8391.055663 0.037240
 21.700000 -391.188877 102.048429 -43654.500366 -15819.537757 0.000000 2.728406 -0.988721 8424.257114 0.037240
 21.800000 -312.986998 129.831203 -43668.452275 -15819.802841 0.000000 2.729278 -0.988738 8426.949493 0.037240
 21.900000 121.301131 240.103118 -43677.158150 -15819.781164 0.000000 2.729822 -0.988736 8428.629516 0.037240
 22.000000 146.815270 23.769084 -43468.987959 -15815.037362 0.000000 2.716812 -0.988440 8388.457730 0.037240
 22.100000 80.703629 62.707559 -43374.114118 -15813.205327 0.000000 2.710882 -0.988325 8370.149386 0.037240
 22.200000 -227.995419 14.035600 -43541.866212 -15817.968901 0.000000 2.721367 -0.988623 8402.521461 0.037240
 22.300000 -267.077906 155.823270 -43425.761091 -15813.820024 0.000000 2.714110 -0.988364 8380.115996 0.037240
 22.400000 -150.749495 197.884209 -43535.738981 -15816.340398 0.000000 2.720984 -0.988521 8401.339055 0.037240
 22.500000 20.860406 4.509343 -43776.054547 -15822.895197 0.000000 2.736003 -0.988931 8447.714116 0.037240
 22.600000 27.513641 -203.025218 -43580.515655 -15816.801920 0.000000 2.723782 -0.988550 8409.979864 0.037240
 22.700000 -22.916065 59.955859 -43600.856702 -15819.179178 0.000000 2.725054 -0.988699 8413.905191 0.037240
 22.800000 -87.086144 112.762152 -43536.318183 -15815.400964 0.000000 2.721020 -0.988463 8401.450827 0.037240
 22.900000 -77.627239 193.807723 -43420.677250 -15814.429380 0.000000 2.713792 -0.988402 8379.134938 0.037240
 23.000000 97.826412 -70.153427 -43509.691338 -15816.495793 0.000000 2.719356 -0.988531 8396.312493 0.037240
 23.100000 40.856910 -143.104492 -43532.473643 -15816.847112 0.000000 2.720780 -0.988553 8400.708924 0.037240
 23.200000 183.735481 -159.189334 -43668.537438 -15819.543068 0.000000 2.729284 -0.988721 8426.965928 0.037240
 23.300000 310.489584 -144.674587 -43726.531932 -15820.599605 0.000000 2.732908 -0.988787 8438.157455 0.037240
 23.400000 114.805321 -16.207650 -43553.770548 -15817.242556 0.000000 2.722111 -0.988578 8404.818709 0.037240
 23.500000 81.728644 44.994393 -43516.915677 -15817.475228 0.000000 2.719807 -0.988592 8397.706615 0.037240
 23.600000 -274.591159 -16.060418 -43496.104442 -15817.752273 0.000000 2.718507 -0.988610 8393.690552 0.037240
 23.700000 60.981862 -23.454176 -43456.342919 -15816.241776 0.000000 2.716021 -0.988515 8386.017545 0.037240
 23.800000 -31.118228 -248.121175 -43536.170784 -15817.179610 0.000000 2.721011 -0.988574 8401.422382 0.037240
 23.900000 294.557704 -181.553211 -43527.937321 -15815.091870 0.000000 2.720496 -0.988443 8399.833524 0.037240
 24.000000 225.027948 -74.064578 -43648.641766 -15820.214071 0.000000 2.728040 -0.988763 8423.126547 0.037240
 24.100000 -16.110100 264.335035 -43550.192732 -15815.327808 0.000000 2.721887 -0.988458 8404.128277 0.037240
 24.200000 -114.880761 339.260543 -43347.679012 -15812.851225 0.000000 2.709230 -0.988303 8365.048053 0.037240
 24.300000 -170.454853 -97.792004 -43554.836311 -15817.170846 0.000000 2.722177 -0.988573 8405.024375 0.037240
 24.400000 139.750176 -331.200131 -43379.453457 -15813.976765 0.000000 2.711216 -0.988374 8371.179748 0.037240
 24.500000 172.744124 -268.709932 -43590.365707 -15818.404357 0.000000 2.724398 -0.988650 8411.880684 0.037240
 24.600000 -84.508547 132.221128 -43640.308648 -15817.682377 0.000000 2.727519 -0.988605 8421.518458 0.037240
 24.700000 -164.351302 312.789298 -43615.195966 -15819.697415 0.000000 2.725950 -0.988731 8416.672321 0.037240
 24.800000 -186.367934 168.792363 -43643.619264 -15819.341249 0.000000 2.727726 -0.988709 8422.157326 0.037240
 24.900000 -15.309471 -255.899034 -43477.180327 -15815.185535 0.000000 2.717324 -0.988449 8390.038658 0.037240
 25.000000 86.313731 -242.636078 -43490.898207 -15815.295327 0.000000 2.718181 -0.988456 8392.685876 0.037240
 25.100000 187.431798 -24.581284 -43482.899935 -15814.828855 0.000000 2.717681 -0.988427 8391.142404 0.037240
 25.200000 190.252834 344.920334 -43575.100712 -15817.086094 0.000000 2.723444 -0.988568 8408.934912 0.037240
 25.300000 -22.594335 373.795807 -43638.514998 -15820.855827 0.000000 2.727407 -0.988803 8421.172327 0.037240
 25.400000 -17.830305 -60.309254 -43574.535556 -15816.182670 0.000000 2.723408 -0.988511 8408.825850 0.037240
 25.500000 -136.333844 -256.066175 -43620.692337 -15819.536912 0.000000 2.726293 -0.988721 8417.732987 0.037240
 25.600000 247.237883 -207.318925 -43507.392554 -15816.242725 0.000000 2.719212 -0.988515 8395.868883 0.037240
 25.700000 92.846989 168.780978 -43294.083773 -15811.001080 0.000000 2.705880 -0.988188 8354.705475 0.037240
 25.800000 -60.905066 258.808252 -43429.190214 -15815.847747 0.000000 2.714324 -0.988490 8380.777733 0.037240
 25.900000 -7.356816 195.749739 -43415.597616 -15815.669560 0.000000 2.713475 -0.988479 8378.154692 0.037240
 26.000000 -128.502310 -330.286246 -43506.784635 -15815.815178 0.000000 2.719174 -0.988488 8395.751570 0.037240
 26.100000 89.692913 -270.061395 -43682.805297 -15819.308949 0.000000 2.730175 -0.988707 8429.719278 0.037240
 26.200000 16.085415 -55.929410 -43627.429160 -15818.857798 0.000000 2.726714 -0.988679 8419.033030 0.037240
 26.300000 227.967079 267.998484 -43594.997117 -15820.048540 0.000000 2.724687 -0.988753 8412.774434 0.037240
 26.400000 -57.734933 163.418013 -43407.033701 -15813.288545 0.000000 2.712940 -0.988331 8376.502065 0.037240
 26.500000 -271.693813 -200.998040 -43376.379887 -15812.128048 0.000000 2.711024 -0.988258 8370.586624 0.037240
 26.600000 -106.494550 -169.573495 -43529.447038 -15816.067992 0.000000 2.720590 -0.988504 8400.124863 0.037240
 26.700000 29.977051 -11.809482 -43541.657070 -15818.343341 0.000000 2.721354 -0.988646 8402.481102 0.037240
 26.800000 206.509001 151.247648 -43691.539280 -15820.841204 0.000000 2.730721 -0.988803 8431.404724 0.037240
 26.900000 -195.533266 74.314539 -43670.362864 -15817.829809 0.000000 2.729398 -0.988614 8427.318191 0.037240
 27.000000 -286.921988 -218.060244 -43507.201645 -15815.421071 0.000000 2.719200 -0.988464 8395.832043 0.037240
 27.100000 -286.709233 -317.414744 -43442.113475 -15815.550809 0.000000 2.715132 -0.988472 8383.271608 0.037240
 27.200000 -24.175097 -158.029335 -43435.726351 -15815.151188 0.000000 2.714733 -0.988447 8382.039049 0.037240
 27.300000 233.520334 -16.814900 -43505.158630 -15815.678853 0.000000 2.719072 -0.988480 8395.437791 0.037240
 27.400000 158.171729 92.991701 -43641.667683 -15818.335350 0.000000 2.727604 -0.988646 8421.780718 0.037240
 27.500000 -14.435908 -98.673387 -43681.627545 -15820.249920 0.000000 2.730102 -0.988766 8429.492000 0.037240
 27.600000 -73.318967 -133.319247 -43649.047464 -15819.725054 0.000000 2.728065 -0.988733 8423.204837 0.037240
 27.700000 57.936918 -234.354708 -43513.872978 -15816.988520 0.000000 2.719617 -0.988562 8397.119448 0.037240
 27.800000 347.018135 375.957031 -43448.886003 -15814.408869 0.000000 2.715555 -0.988401 8384.578542 0.037240
 27.900000 164.821469 221.471586 -43420.036246 -15814.069816 0.000000 2.713752 -0.988379 8379.011240 0.037240
 28.000000 71.249076 156.105627 -43470.823438 -15815.231510 0.000000 2.716926 -0.988452 8388.811933 0.037240
 28.100000 -157.287831 -316.150423 -43558.998182 -15817.447243 0.000000 2.722437 -0.988590 8405.827515 0.037240
 28.200000 -184.209117 -321.450661 -43502.401547 -15815.367005 0.000000 2.718900 -0.988460 8394.905741 0.037240
 28.300000 23.431007 74.801344 -43569.525521 -15817.420519 0.000000 2.723095 -0.988589 8407.859035 0.037240
 28.400000 124.856370 170.768627 -43407.585628 -15814.164183 0.000000 2.712974 -0.988385 8376.608574 0.037240
 28.500000 263.951581 169.463167 -43315.233504 -15811.098481 0.000000 2.707202 -0.988194 8358.786859 0.037240
 28.600000 -144.540653 -259.521216 -43338.919914 -15813.371415 0.000000 2.708682 -0.988336 8363.357760 0.037240
 28.700000 -123.510547 -343.212460 -43373.485712 -15813.039225 0.000000 2.710843 -0.988315 8370.028119 0.037240
 28.800000 -238.120196 -374.710721 -43621.706821 -15819.099542 0.000000 2.726357 -0.988694 8417.928757 0.037240
 28.900000 187.518374 188.026787 -43637.605419 -15819.498124 0.000000 2.727350 -0.988719 8420.996800 0.037240
 29.000000 278.579644 217.317019 -43643.135733 -15819.886175 0.000000 2.727696 -0.988743 8422.064016 0.037240
 29.100000 352.636903 91.481683 -43464.648908 -15815.252066 0.000000 2.716541 -0.988453 8387.620399 0.037240
 29.200000 -257.190232 -210.774656 -43453.170192 -15814.461080 0.000000 2.715823 -0.988404 8385.405286 0.037240
 29.300000 -431.300282 -351.059744 -43411.511319 -15815.336767 0.000000 2.713219 -0.988459 8377.366137 0.037240
 29.400000 -231.122915 56.118703 -43519.671966 -15817.678976 0.000000 2.719979 -0.988605 8398.238511 0.037240
 29.500000 18.966644 -2.304584 -43647.208231 -15820.250162 0.000000 2.727951 -0.988766 8422.849909 0.037240
 29.600000 241.630683 313.334917 -43563.408651 -15815.837694 0.000000 2.722713 -0.988490 8406.678628 0.037240
 29.700000 -179.443525 -276.726841 -43720.621658 -15821.411973 0.000000 2.732539 -0.988838 8437.016916 0.037240
 29.800000 -44.484667 -37.874574 -43448.792520 -15814.884558 0.000000 2.715550 -0.988430 8384.560502 0.037240
 29.900000 -171.671439 -208.382972 -43415.274387 -15812.705620 0.000000 2.713455 -0.988294 8378.092317 0.037240
 30.000000 61.413217 -39.077878 -43555.097837 -15818.098091 0.000000 2.722194 -0.988631 8405.074843 0.037240
 30.100000 308.267086 267.453733 -43476.871841 -15815.475750 0.000000 2.717304 -0.988467 8389.979128 0.037240
 30.200000 120.598309 16.348835 -43676.156200 -15819.904897 0.000000 2.729760 -0.988744 8428.436164 0.037240
 30.300000 98.927404 8.319646 -43671.012956 -15820.258376 0.000000 2.729438 -0.988766 8427.443643 0.037240
 30.400000 -471.337493 -429.197338 -43583.702482 -15817.126854 0.000000 2.723981 -0.988570 8410.594844 0.037240
 30.500000 -73.038486 1.193280 -43600.834940 -15818.098674 0.000000 2.725052 -0.988631 8413.900992 0.037240
 30.600000 40.213841 -47.431507 -43381.818767 -15812.037715 0.000000 2.711364 -0.988252 8371.636196 0.037240
 30.700000 335.411186 421.804159 -43402.684446 -15813.305845 0.000000 2.712668 -0.988332 8375.662765 0.037240
 30.800000 57.173068 232.211107 -43484.266568 -15815.291247 0.000000 2.717767 -0.988456 8391.406130 0.037240
 30.900000 -110.127518 -261.746691 -43596.551276 -15818.568423 0.000000 2.724784 -0.988661 8413.074349 0.037240
 31.000000 -158.339794 -374.879826 -43549.703305 -15817.489966 0.000000 2.721856 -0.988593 8404.033830 0.037240
 31.100000 -180.000323 -260.656200 -43655.822226 -15820.476468 0.000000 2.728489 -0.988780 8424.512201 0.037240
 31.200000 47.949339 343.449059 -43580.257945 -15818.561730 0.000000 2.723766 -0.988660 8409.930132 0.037240
 31.300000 -136.784174 284.235679 -43433.979838 -15814.215315 0.000000 2.714624 -0.988388 8381.702014 0.037240
 31.400000 -101.177499 169.385957 -43558.791322 -15815.752771 0.000000 2.722424 -0.988485 8405.787596 0.037240
 31.500000 -228.401778 -135.195597 -43504.982501 -15815.317447 0.000000 2.719061 -0.988457 8395.403802 0.037240
 31.600000 157.342775 -280.423275 -43644.382060 -15820.648649 0.000000 2.727774 -0.988791 8422.304527 0.037240
 31.700000 177.999346 -13.193147 -43695.466210 -15820.268113 0.000000 2.730967 -0.988767 8432.162526 0.037240
 31.800000 112.681702 113.112539 -43574.505132 -15817.411365 0.000000 2.723407 -0.988588 8408.819979 0.037240
 31.900000 -234.057915 269.501712 -43527.557848 -15817.014536 0.000000 2.720472 -0.988563 8399.760295 0.037240
 32.000000 -337.207971 -11.561458 -43547.709423 -15817.063581 0.000000 2.721732 -0.988566 8403.649059 0.037240
 32.100000 -81.038038 -124.669224 -43439.543007 -15815.446478 0.000000 2.714971 -0.988465 8382.775571 0.037240
 32.200000 20.633395 -459.703213 -43505.575463 -15815.401516 0.000000 2.719098 -0.988463 8395.518229 0.037240
 32.300000 176.471063 -182.551753 -43578.323700 -15818.183508 0.000000 2.723645 -0.988636 8409.556870 0.037240
 32.400000 -33.448995 -142.461447 -43732.557359 -15821.281717 0.000000 2.733285 -0.988830 8439.320216 0.037240
 32.500000 -268.379624 191.816579 -43699.018088 -15818.948112 0.000000 2.731189 -0.988684 8432.847952 0.037240
 32.600000 -429.586652 15.320991 -43621.803319 -15819.401715 0.000000 2.726363 -0.988713 8417.947379 0.037240
 32.700000 199.872372 -120.926184 -43619.922596 -15820.464091 0.000000 2.726245 -0.988779 8417.584445 0.037240
 32.800000 323.860624 -188.553892 -43381.503969 -15814.518075 0.000000 2.711344 -0.988407 8371.575448 0.037240
 32.900000 281.062701 -180.179062 -43435.130808 -15814.141292 0.000000 2.714696 -0.988384 8381.924123 0.037240
 33.000000 -242.683440 -50.027420 -43525.840868 -15816.233870 0.000000 2.720365 -0.988515 8399.428959 0.037240
 33.100000 -499.099460 192.616454 -43502.182402 -15817.074869 0.000000 2.718886 -0.988567 8394.863451 0.037240
 33.200000 -101.339846 226.317305 -43659.216482 -15819.975326 0.000000 2.728701 -0.988748 8425.167210 0.037240
 33.300000 287.692547 -153.452381 -43585.688273 -15817.560340 0.000000 2.724106 -0.988598 8410.978053 0.037240
 33.400000 547.907446 -392.878154 -43434.494351 -15813.243615 0.000000 2.714656 -0.988328 8381.801303 0.037240
 33.500000 103.484199 -144.179009 -43437.017443 -15814.638101 0.000000 2.714814 -0.988415 8382.288198 0.037240
 33.600000 -290.034419 28.369060 -43323.200156 -15813.127697 0.000000 2.707700 -0.988320 8360.324229 0.037240
 33.700000 -380.860461 289.709008 -43368.041928 -15813.143177 0.000000 2.710503 -0.988321 8368.977601 0.037240
 33.800000 -43.463053 -113.931751 -43470.255753 -15815.353785 0.000000 2.716891 -0.988460 8388.702384 0.037240
 33.900000 406.478117 -6.848674 -43547.129338 -15815.449236 0.000000 2.721696 -0.988466 8403.537117 0.037240
 34.000000 228.777373 -140.019965 -43567.746568 -15817.885059 0.000000 2.722984 -0.988618 8407.515741 0.037240
 34.100000 -21.691192 47.175701 -43661.036074 -15820.010949 0.000000 2.728815 -0.988751 8425.518347 0.037240
 34.200000 -393.603709 79.584345 -43406.673370 -15813.986413 0.000000 2.712917 -0.988374 8376.432530 0.037240
 34.300000 -148.502556 155.323543 -43307.100201 -15811.391254 0.000000 2.706694 -0.988212 8357.217329 0.037240
 34.400000 304.503079 181.447331 -43506.756286 -15816.474486 0.000000 2.719172 -0.988530 8395.746099 0.037240
 34.500000 326.752232 145.824108 -43393.008384 -15812.759059 0.000000 2.712063 -0.988297 8373.795520 0.037240
 34.600000 -81.867447 322.214211 -43515.961902 -15816.730843 0.000000 2.719748 -0.988546 8397.522559 0.037240
 34.700000 -396.554187 -41.043133 -43618.325658 -15818.710316 0.000000 2.726145 -0.988669 8417.276275 0.037240
 34.800000 -14.103044 44.855600 -43390.265205 -15814.065030 0.000000 2.711892 -0.988379 8373.266153 0.037240
 34.900000 119.241606 -249.264946 -43390.459796 -15813.228418 0.000000 2.711904 -0.988327 8373.303704 0.037240
 35.000000 251.950042 -108.527051 -43369.854757 -15812.569690 0.000000 2.710616 -0.988286 8369.327433 0.037240
 35.100000 159.500223 -260.792865 -43325.282664 -15813.201342 0.000000 2.707830 -0.988325 8360.726103 0.037240
 35.200000 -50.201753 -45.498601 -43536.856220 -15816.798781 0.000000 2.721054 -0.988550 8401.554655 0.037240
 35.300000 88.657512 226.536898 -43524.507546 -15816.677703 0.000000 2.720282 -0.988542 8399.171661 0.037240
 35.400000 51.851597 -205.006399 -43662.065750 -15819.604629 0.000000 2.728879 -0.988725 8425.717049 0.037240
 35.500000 203.328910 -298.761863 -43517.973586 -15815.865305 0.000000 2.719873 -0.988492 8397.910765 0.037240
 35.600000 133.474008 -272.945812 -43313.073077 -15811.449408 0.000000 2.707067 -0.988216 8358.369949 0.037240
 35.700000 -138.296486 -129.477337 -43341.266302 -15812.413151 0.000000 2.708829 -0.988276 8363.810556 0.037240
 35.800000 -11.017345 46.924556 -43364.586255 -15811.994412 0.000000 2.710287 -0.988250 8368.310740 0.037240
 35.900000 -194.379120 -58.635279 -43523.641292 -15816.644696 0.000000 2.720228 -0.988540 8399.004495 0.037240
 36.000000 193.162652 -109.214321 -43703.734459 -15821.147336 0.000000 2.731483 -0.988822 8433.758097 0.037240
 36.100000 185.645293 -133.658385 -43627.000040 -15819.794108 0.000000 2.726688 -0.988737 8418.950220 0.037240
 36.200000 -9.966411 -28.182813 -43643.424064 -15819.453004 0.000000 2.727714 -0.988716 8422.119657 0.037240
 36.300000 -87.579231 58.430837 -43520.283445 -15816.241994 0.000000 2.720018 -0.988515 8398.356512 0.037240
 36.400000 -55.308621 95.295240 -43400.413514 -15813.603820 0.000000 2.712526 -0.988350 8375.224530 0.037240
 36.500000 165.587218 -172.921897 -43556.659602 -15817.038135 0.000000 2.722291 -0.988565 8405.376226 0.037240
 36.600000 140.050515 -71.138826 -43529.493272 -15816.306313 0.000000 2.720593 -0.988519 8400.133785 0.037240
 36.700000 -112.685842 2.533779 -43699.048270 -15820.270789 0.000000 2.731191 -0.988767 8432.853776 0.037240
 36.800000 -310.175636 87.386402 -43703.686639 -15821.462806 0.000000 2.731480 -0.988841 8433.748869 0.037240
 36.900000 -103.302304 36.783709 -43552.426588 -15817.369363 0.000000 2.722027 -0.988586 8404.559357 0.037240
 37.000000 153.653504 -251.865533 -43606.958642 -15818.722136 0.000000 2.725435 -0.988670 8415.082717 0.037240
 37.100000 204.178158 -68.937925 -43424.433270 -15814.167790 0.000000 2.714027 -0.988385 8379.859759 0.037240
 37.200000 71.509593 -81.434609 -43383.218975 -15812.524359 0.000000 2.711451 -0.988283 8371.906402 0.037240
 37.300000 -435.243748 168.751926 -43561.609217 -15818.305845 0.000000 2.722601 -0.988644 8406.331381 0.037240
 37.400000 1.133659 63.537048 -43671.998603 -15820.905942 0.000000 2.729500 -0.988807 8427.633849 0.037240
 37.500000 35.972014 172.013796 -43778.228796 -15823.376848 0.000000 2.736139 -0.988961 8448.133693 0.037240
 37.600000 185.310576 135.303994 -43756.822606 -15821.093464 0.000000 2.734801 -0.988818 8444.002819 0.037240
 37.700000 -17.311196 -137.046789 -43676.148212 -15820.609098 0.000000 2.729759 -0.988788 8428.434622 0.037240
 37.800000 -3.514180 -161.761913 -43358.621167 -15812.688937 0.000000 2.709914 -0.988293 8367.159623 0.037240
 37.900000 290.851226 -5.762945 -43494.893494 -15816.370954 0.000000 2.718431 -0.988523 8393.456869 0.037240
 38.000000 155.002033 201.635912 -43428.540441 -15815.570382 0.000000 2.714284 -0.988473 8380.652343 0.037240
 38.100000 80.169053 -117.253011 -43601.969215 -15817.930444 0.000000 2.725123 -0.988621 8414.119879 0.037240
 38.200000 -290.043524 -91.207991 -43680.975916 -15820.207070 0.000000 2.730061 -0.988763 8429.366252 0.037240
 38.300000 55.241878 -255.788970 -43659.483620 -15820.428130 0.000000 2.728718 -0.988777 8425.218761 0.037240
 38.400000 130.518656 157.808447 -43579.932975 -15818.165965 0.000000 2.723746 -0.988635 8409.867421 0.037240
 38.500000 269.198632 255.950607 -43355.596983 -15811.814776 0.000000 2.709725 -0.988238 8366.576029 0.037240
 38.600000 -69.679297 98.092864 -43408.706127 -15813.223179 0.000000 2.713044 -0.988326 8376.824803 0.037240
 38.700000 -294.044270 -242.402836 -43280.400644 -15809.639563 0.000000 2.705025 -0.988102 8352.064964 0.037240
 38.800000 -119.285775 -329.581429 -43503.016637 -15815.296085 0.000000 2.718939 -0.988456 8395.024438 0.037240
 38.900000 114.411604 -135.283097 -43654.434905 -15818.957999 0.000000 2.728402 -0.988685 8424.244482 0.037240
 39.000000 343.828583 146.373076 -43593.614441 -15818.047571 0.000000 2.724601 -0.988628 8412.507611 0.037240
 39.100000 -83.641728 324.764752 -43638.262832 -15819.777430 0.000000 2.727391 -0.988736 8421.123665 0.037240
 39.200000 42.566073 29.416549 -43417.988809 -15814.734212 0.000000 2.713624 -0.988421 8378.616134 0.037240
 39.300000 -169.731408 -145.613997 -43380.024960 -15813.226506 0.000000 2.711252 -0.988327 8371.290035 0.037240
 39.400000 100.079315 -356.635249 -43471.672058 -15816.060431 0.000000 2.716980 -0.988504 8388.975696 0.037240
 39.500000 -11.338161 115.092123 -43451.557707 -15814.464505 0.000000 2.715722 -0.988404 8385.094116 0.037240
 39.600000 269.424006 112.546531 -43612.696517 -15817.801131 0.000000 2.725794 -0.988613 8416.189988 0.037240
 39.700000 125.716234 79.676990 -43695.824321 -15821.368265 0.000000 2.730989 -0.988836 8432.231633 0.037240
 39.800000 391.127214 -6.951810 -43568.335237 -15817.716599 0.000000 2.723021 -0.988607 8407.629340 0.037240
 39.900000 87.130303 -145.341785 -43550.512963 -15817.949757 0.000000 2.721907 -0.988622 8404.190074 0.037240
 40.000000 -40.767525 -140.009089 -43479.201653 -15814.555435 0.000000 2.717450 -0.988410 8390.428725 0.037240
 40.100000 29.382152 198.973994 -43404.735293 -15813.925046 0.000000 2.712796 -0.988370 8376.058528 0.037240
 40.200000 101.227760 318.281557 -43596.661530 -15818.934272 0.000000 2.724791 -0.988683 8413.095625 0.037240
 40.300000 385.145992 235.786022 -43616.038881 -15820.110500 0.000000 2.726002 -0.988757 8416.834983 0.037240
 40.400000 126.713341 -174.028919 -43730.060558 -15821.253012 0.000000 2.733129 -0.988828 8438.838394 0.037240
 40.500000 -61.578070 -222.410692 -43772.704689 -15822.244932 0.000000 2.735794 -0.988890 8447.067674 0.037240
 40.600000 -60.683369 145.836058 -43613.955734 -15817.872269 0.000000 2.725872 -0.988617 8416.432986 0.037240
 40.700000 312.485531 356.684929 -43550.706464 -15817.287236 0.000000 2.721919 -0.988580 8404.227415 0.037240
 40.800000 300.097185 195.929935 -43371.416530 -15813.529275 0.000000 2.710714 -0.988346 8369.628817 0.037240
 40.900000 165.262380 29.544002 -43480.472184 -15816.010801 0.000000 2.717530 -0.988501 8390.673907 0.037240
 41.000000 -40.280112 -186.389476 -43563.703894 -15816.816959 0.000000 2.722731 -0.988551 8406.735603 0.037240
 41.100000 -104.436951 -37.628182 -43617.285156 -15818.497689 0.000000 2.726080 -0.988656 8417.075484 0.037240
 41.200000 157.064488 153.135821 -43630.222847 -15818.672751 0.000000 2.726889 -0.988667 8419.572143 0.037240
 41.300000 323.626858 270.798329 -43534.612354 -15817.328024 0.000000 2.720913 -0.988583 8401.121643 0.037240
 41.400000 288.795298 89.818443 -43428.069531 -15814.359854 0.000000 2.714254 -0.988397 8380.561469 0.037240
 41.500000 -168.612096 -356.451543 -43336.484632 -15812.070472 0.000000 2.708530 -0.988254 8362.887810 0.037240
 41.600000 -205.994179 -256.835418 -43363.663449 -15812.122613 0.000000 2.710229 -0.988258 8368.132661 0.037240
 41.700000 16.997498 31.822767 -43632.549680 -15820.154341 0.000000 2.727034 -0.988760 8420.021166 0.037240
 41.800000 113.495215 170.768511 -43682.664667 -15820.479709 0.000000 2.730167 -0.988780 8429.692140 0.037240
 41.900000 62.442070 97.602980 -43576.138217 -15816.119313 0.000000 2.723509 -0.988507 8409.135125 0.037240
 42.000000 -116.524388 -284.190784 -43520.650602 -15815.921489 0.000000 2.720041 -0.988495 8398.427364 0.037240
 42.100000 -207.372164 -387.695472 -43428.656932 -15814.262997 0.000000 2.714291 -0.988391 8380.674823 0.037240
 42.200000 264.961445 -111.129204 -43328.646666 -15811.568326 0.000000 2.708040 -0.988223 8361.375273 0.037240
 42.300000 254.193214 281.817849 -43436.214335 -15814.840551 0.000000 2.714763 -0.988428 8382.133218 0.037240
 42.400000 170.721668 208.376794 -43577.798735 -15818.745428 0.000000 2.723612 -0.988672 8409.455564 0.037240
 42.500000 -289.013982 -98.211416 -43664.608470 -15821.562354 0.000000 2.729038 -0.988848 8426.207733 0.037240
 42.600000 -29.650625 -422.512070 -43646.709405 -15818.838391 0.000000 2.727919 -0.988677 8422.753648 0.037240
 42.700000 245.139723 -305.102169 -43505.654274 -15816.781312 0.000000 2.719103 -0.988549 8395.533438 0.037240
 42.800000 330.107708 294.389977 -43366.363800 -15812.465151 0.000000 2.710398 -0.988279 8368.653763 0.037240
 42.900000 362.657799 304.835940 -43396.669567 -15814.376952 0.000000 2.712292 -0.988399 8374.502039 0.037240
 43.000000 -79.740051 149.547873 -43516.626476 -15817.247255 0.000000 2.719789 -0.988578 8397.650806 0.037240
 43.100000 120.415403 -225.362496 -43540.582505 -15817.039268 0.000000 2.721286 -0.988565 8402.273737 0.037240
 43.200000 -89.874434 -191.015612 -43652.985875 -15819.625193 0.000000 2.728312 -0.988727 8423.964854 0.037240
 43.300000 405.645144 -83.671851 -43601.352288 -15818.015601 0.000000 2.725085 -0.988626 8414.000827 0.037240
 43.400000 123.899601 264.889287 -43442.659752 -15814.589793 0.000000 2.715166 -0.988412 8383.377027 0.037240
 43.500000 99.058567 186.433414 -43510.263864 -15815.989350 0.000000 2.719391 -0.988499 8396.422976 0.037240
 43.600000 -282.820993 190.015631 -43362.258068 -15812.102763 0.000000 2.710141 -0.988256 8367.861457 0.037240
 43.700000 -214.652466 -23.007310 -43521.400814 -15815.376683 0.000000 2.720088 -0.988461 8398.572137 0.037240
 43.800000 -38.441531 52.465594 -43699.594221 -15819.672026 0.000000 2.731225 -0.988730 8432.959132 0.037240
 43.900000 68.612948 204.916632 -43577.172840 -15817.279399 0.000000 2.723573 -0.988580 8409.334782 0.037240
 44.000000 126.167539 305.083756 -43769.345002 -15821.112201 0.000000 2.735584 -0.988820 8446.419337 0.037240
 44.100000 -341.862578 133.220326 -43596.703349 -15817.282025 0.000000 2.724794 -0.988580 8413.103695 0.037240
 44.200000 -339.153252 241.689025 -43397.784584 -15812.515970 0.000000 2.712362 -0.988282 8374.717210 0.037240
 44.300000 -169.598689 53.189174 -43482.805238 -15815.750353 0.000000 2.717675 -0.988484 8391.124129 0.037240
 44.400000 63.396512 105.077024 -43503.899419 -15816.803733 0.000000 2.718994 -0.988550 8395.194793 0.037240
 44.500000 177.251452 -120.491435 -43537.597369 -15815.227056 0.000000 2.721100 -0.988452 8401.697678 0.037240
 44.600000 -156.342433 103.352411 -43525.357805 -15816.637796 0.000000 2.720335 -0.988540 8399.335740 0.037240
 44.700000 -152.876972 72.548530 -43654.568943 -15819.649986 0.000000 2.728411 -0.988728 8424.270348 0.037240
 44.800000 -254.350963 262.095445 -43556.771711 -15818.122173 0.000000 2.722298 -0.988633 8405.397860 0.037240
 44.900000 146.190321 171.593180 -43435.427914 -15814.259795 0.000000 2.714714 -0.988391 8381.981458 0.037240
 45.000000 -4.515159 125.321526 -43483.863158 -15816.497835 0.000000 2.717741 -0.988531 8391.328282 0.037240
 45.100000 -81.593062 -114.197527 -43538.804994 -15818.575739 0.000000 2.721175 -0.988661 8401.930721 0.037240
 45.200000 -170.472901 -68.244366 -43596.669904 -15819.721413 0.000000 2.724792 -0.988733 8413.097241 0.037240
 45.300000 93.793828 -100.885384 -43612.706317 -15817.560106 0.000000 2.725794 -0.988598 8416.191879 0.037240
 45.400000 27.184995 122.143646 -43592.485827 -15819.613773 0.000000 2.724530 -0.988726 8412.289816 0.037240
 45.500000 346.265870 153.357004 -43557.931601 -15818.974684 0.000000 2.722371 -0.988686 8405.621691 0.037240
 45.600000 39.961312 -38.920260 -43442.655252 -15814.193196 0.000000 2.715166 -0.988387 8383.376158 0.037240
 45.700000 -15.284720 -319.066029 -43526.470574 -15816.652509 0.000000 2.720404 -0.988541 8399.550477 0.037240
 45.800000 -262.750450 -314.539504 -43556.988840 -15817.651809 0.000000 2.722312 -0.988603 8405.439761 0.037240
 45.900000 2.991198 -8.350707 -43502.568642 -15816.831244 0.000000 2.718911 -0.988552 8394.937986 0.037240
 46.000000 264.879864 235.111712 -43617.705100 -15819.315264 0.000000 2.726107 -0.988707 8417.156523 0.037240
 46.100000 361.183545 196.003813 -43530.908619 -15815.969470 0.000000 2.720682 -0.988498 8400.406912 0.037240
 46.200000 157.072287 -114.419107 -43399.840073 -15813.992167 0.000000 2.712490 -0.988375 8375.113870 0.037240
 46.300000 -341.004744 -172.074086 -43423.492117 -15813.644085 0.000000 2.713968 -0.988353 8379.678139 0.037240
 46.400000 -182.074654 -104.589045 -43410.462584 -15814.192779 0.000000 2.713154 -0.988387 8377.163756 0.037240
 46.500000 37.159420 207.340715 -43508.187645 -15816.329274 0.000000 2.719262 -0.988521 8396.022317 0.037240
 46.600000 359.750348 284.591326 -43564.492333 -15816.995099 0.000000 2.722781 -0.988562 8406.887752 0.037240
 46.700000 334.955811 154.865977 -43525.839480 -15815.809124 0.000000 2.720365 -0.988488 8399.428692 0.037240
 46.800000 -73.608676 -181.471839 -43573.646209 -15818.157841 0.000000 2.723353 -0.988635 8408.654228 0.037240
 46.900000 -308.765376 7.525775 -43452.934328 -15813.826064 0.000000 2.715808 -0.988364 8385.359770 0.037240
 47.000000 -282.983503 252.412730 -43553.624023 -15818.420447 0.000000 2.722102 -0.988651 8404.790433 0.037240
 47.100000 163.695699 322.035416 -43565.337278 -15817.273720 0.000000 2.722834 -0.988580 8407.050806 0.037240
 47.200000 244.136119 186.416737 -43467.258863 -15815.527305 0.000000 2.716704 -0.988470 8388.124057 0.037240
 47.300000 -4.721717 -193.144991 -43661.036017 -15820.258476 0.000000 2.728815 -0.988766 8425.518336 0.037240
 47.400000 -302.682770 48.792443 -43672.915196 -15819.501437 0.000000 2.729557 -0.988719 8427.810729 0.037240
 47.500000 -274.594437 107.534911 -43578.855705 -15816.628875 0.000000 2.723678 -0.988539 8409.659534 0.037240
 47.600000 125.363551 319.263410 -43493.132174 -15815.766746 0.000000 2.718321 -0.988485 8393.116977 0.037240
 47.700000 91.600086 226.690242 -43408.382466 -15814.958117 0.000000 2.713024 -0.988435 8376.762344 0.037240
 47.800000 85.024035 -113.300456 -43553.224371 -15817.949804 0.000000 2.722077 -0.988622 8404.713310 0.037240
 47.900000 -225.056722 -142.287299 -43635.605774 -15818.827176 0.000000 2.727225 -0.988677 8420.610917 0.037240
 48.000000 -198.764304 -178.690797 -43715.336345 -15820.680389 0.000000 2.732209 -0.988793 8435.996979 0.037240
 48.100000 60.875644 158.820865 -43782.968081 -15821.800214 0.000000 2.736436 -0.988863 8449.048260 0.037240
 48.200000 187.356869 202.981182 -43612.086054 -15818.898137 0.000000 2.725755 -0.988681 8416.072183 0.037240
 48.300000 154.227184 105.789866 -43544.109298 -15816.348552 0.000000 2.721507 -0.988522 8402.954322 0.037240
 48.400000 -106.172367 -155.877060 -43411.998807 -15814.071386 0.000000 2.713250 -0.988379 8377.460210 0.037240
 48.500000 -31.335292 -436.508360 -43372.285895 -15812.241906 0.000000 2.710768 -0.988265 8369.796583 0.037240
 48.600000 -60.823711 -70.632223 -43556.070679 -15816.660007 0.000000 2.722254 -0.988541 8405.262578 0.037240
 48.700000 68.505638 183.106469 -43721.178149 -15821.888558 0.000000 2.732574 -0.988868 8437.124305 0.037240
 48.800000 131.706807 514.755941 -43777.862914 -15823.223740 0.000000 2.736116 -0.988951 8448.063086 0.037240
 48.900000 -50.396172 52.758357 -43674.547149 -15818.726891 0.000000 2.729659 -0.988670 8428.125656 0.037240
 49.000000 -97.563326 -328.350965 -43464.950113 -15815.568872 0.000000 2.716559 -0.988473 8387.678524 0.037240
 49.100000 -43.417860 -170.906909 -43358.101709 -15812.418892 0.000000 2.709881 -0.988276 8367.059380 0.037240
 49.200000 368.392160 221.578418 -43290.959984 -15811.170322 0.000000 2.705685 -0.988198 8354.102660 0.037240
 49.300000 120.973548 261.162494 -43453.563645 -15815.117149 0.000000 2.715848 -0.988445 8385.481213 0.037240
 49.400000 -69.051696 -90.053285 -43636.363345 -15818.600019 0.000000 2.727273 -0.988663 8420.757110 0.037240
 49.500000 -184.019549 -297.584203 -43688.022346 -15821.282170 0.000000 2.730501 -0.988830 8430.726041 0.037240
 49.600000 -61.030482 -134.542638 -43707.742403 -15820.270283 0.000000 2.731734 -0.988767 8434.531533 0.037240
 49.700000 34.650889 295.406843 -43484.928498 -15816.014780 0.000000 2.717808 -0.988501 8391.533867 0.037240
 49.800000 -61.586154 304.630479 -43335.709830 -15812.907858 0.000000 2.708482 -0.988307 8362.738292 0.037240
 49.900000 -152.136420 1.284063 -43383.769688 -15813.048345 0.000000 2.711486 -0.988316 8372.012676 0.037240
 50.000000 -9.638352 -301.866890 -43389.992367 -15813.817500 0.000000 2.711875 -0.988364 8373.213502 0.037240
